6 1597710558 388.70 N
8 1597711470 2.50 m/seg2
9 1597716088 150.40 Cd
0 1597711416 205.47 V
0 1597712860 100.54 V
9 1597716140 196.30 Cd
4 1597714759 74692144.00 Hz
2 1597715213 3108505.00 OHM
1 1597714193 9.96 A
2 1597714771 5862721.00 OHM
8 1597710010 17.70 m/seg2
6 1597708435 42.80 N
9 1597708791 229.90 Cd
7 1597713338 33.90 m/seg
6 1597717745 319.10 N
8 1597714208 19.20 m/seg2
8 1597716350 12.80 m/seg2
9 1597711207 302.30 Cd
3 1597708555 917.40 uF
8 1597711277 5.80 m/seg2
9 1597712206 296.70 Cd
9 1597713986 323.30 Cd
6 1597712785 487.40 N
7 1597709476 45.20 m/seg
7 1597709020 49.80 m/seg
2 1597713012 9412456.00 OHM
3 1597715293 460.70 uF
5 1597714816 1134.60 Pa
3 1597710342 509.10 uF
0 1597715801 68.59 V
9 1597709268 295.00 Cd
6 1597709353 75.10 N
2 1597709228 1718187.00 OHM
0 1597713032 74.66 V
8 1597713882 18.40 m/seg2
8 1597712690 9.80 m/seg2
3 1597717297 792.10 uF
6 1597716866 334.70 N
4 1597708309 938498048.00 Hz
6 1597711169 432.40 N
7 1597710971 9.40 m/seg
7 1597716723 12.20 m/seg
1 1597714910 83.36 A
1 1597712377 43.88 A
3 1597710513 161.70 uF
7 1597712411 41.70 m/seg
7 1597716685 28.20 m/seg
7 1597711384 28.80 m/seg
3 1597709416 616.20 uF
2 1597710092 657079.00 OHM
3 1597710038 184.80 uF
5 1597713160 1171.60 Pa
8 1597717849 17.70 m/seg2
0 1597708589 108.00 V
9 1597710206 345.50 Cd
2 1597716124 7950692.00 OHM
4 1597717406 22325820.00 Hz
9 1597711047 179.60 Cd
3 1597713561 169.10 uF
1 1597716992 70.96 A
5 1597708841 1149.90 Pa
4 1597712779 575942656.00 Hz
6 1597717156 338.60 N
7 1597708308 21.70 m/seg
7 1597718263 32.80 m/seg
3 1597708955 480.10 uF
9 1597711126 173.70 Cd
8 1597717423 5.80 m/seg2
7 1597709114 46.30 m/seg
0 1597712562 153.36 V
3 1597714284 150.10 uF
6 1597716950 440.50 N
5 1597711689 1100.40 Pa
3 1597708758 989.10 uF
1 1597708586 51.98 A
4 1597709739 680738752.00 Hz
1 1597709976 65.05 A
7 1597714034 20.50 m/seg
2 1597714997 9995652.00 OHM
9 1597710333 271.30 Cd
1 1597718187 58.18 A
5 1597713944 1109.40 Pa
8 1597708818 14.10 m/seg2
7 1597715062 27.40 m/seg
7 1597716612 11.50 m/seg
3 1597715376 777.10 uF
3 1597718234 393.40 uF
1 1597717939 29.23 A
6 1597709944 103.60 N
5 1597713157 1044.50 Pa
1 1597715327 58.56 A
8 1597714291 13.40 m/seg2
2 1597717232 2788262.00 OHM
1 1597713006 85.31 A
3 1597717973 925.80 uF
7 1597712096 12.30 m/seg
6 1597712382 42.80 N
0 1597715305 159.10 V
1 1597716341 21.26 A
5 1597712656 1187.30 Pa
4 1597714865 611415424.00 Hz
1 1597712599 29.32 A
2 1597717213 8726115.00 OHM
6 1597715744 116.80 N
4 1597711354 136482976.00 Hz
9 1597717977 161.00 Cd
5 1597713406 1079.60 Pa
9 1597715668 300.80 Cd
5 1597717794 1212.00 Pa
6 1597711889 211.50 N
5 1597717284 1193.20 Pa
2 1597710216 5590163.00 OHM
3 1597712683 686.80 uF
6 1597715203 250.40 N
2 1597718186 9135551.00 OHM
6 1597712649 327.00 N
5 1597715667 1126.80 Pa
3 1597717176 808.70 uF
1 1597709518 20.42 A
7 1597717985 39.10 m/seg
7 1597713787 9.60 m/seg
1 1597713951 50.70 A
9 1597710819 284.30 Cd
5 1597709675 1065.90 Pa
8 1597715226 11.10 m/seg2
7 1597713497 39.90 m/seg
6 1597710987 331.60 N
3 1597709074 784.00 uF
1 1597717469 47.31 A
9 1597717860 332.10 Cd
5 1597717308 1027.80 Pa
2 1597712378 5825459.00 OHM
5 1597713721 1152.00 Pa
6 1597716602 470.50 N
4 1597708465 886260928.00 Hz
0 1597708716 103.81 V
9 1597717032 203.90 Cd
6 1597714872 206.40 N
3 1597715956 646.60 uF
2 1597709777 8842085.00 OHM
4 1597709925 32243742.00 Hz
4 1597711736 572534528.00 Hz
2 1597713478 2853682.00 OHM
5 1597713184 1147.90 Pa
9 1597710460 224.30 Cd
4 1597715193 991707392.00 Hz
2 1597711732 6941637.00 OHM
4 1597710148 236668544.00 Hz
7 1597716614 22.80 m/seg
5 1597708700 1156.20 Pa
2 1597712442 1732196.00 OHM
9 1597713329 217.20 Cd
7 1597717012 37.40 m/seg
5 1597708713 1133.10 Pa
1 1597709808 41.82 A
3 1597717223 932.80 uF
6 1597708860 489.00 N
0 1597717406 31.85 V
9 1597709986 190.40 Cd
3 1597709419 127.90 uF
5 1597717967 1211.30 Pa
0 1597714640 146.64 V
1 1597709866 87.81 A
3 1597715420 442.80 uF
8 1597709602 16.00 m/seg2
6 1597708931 400.30 N
2 1597713821 1956292.00 OHM
2 1597709358 6202012.00 OHM
0 1597715762 199.33 V
9 1597713393 166.90 Cd
0 1597713728 31.56 V
7 1597708392 28.60 m/seg
9 1597713525 229.80 Cd
8 1597717954 17.30 m/seg2
0 1597709266 147.14 V
4 1597709621 281392224.00 Hz
5 1597715913 1111.20 Pa
9 1597714278 216.70 Cd
9 1597716563 295.70 Cd
4 1597714732 25972638.00 Hz
7 1597711889 43.80 m/seg
8 1597708527 10.60 m/seg2
2 1597709677 9855917.00 OHM
8 1597710403 4.70 m/seg2
4 1597711117 31169248.00 Hz
2 1597713327 6508954.00 OHM
5 1597708662 1177.10 Pa
1 1597711329 78.50 A
1 1597713138 38.22 A
4 1597715777 882287232.00 Hz
9 1597716715 163.50 Cd
0 1597711973 44.43 V
7 1597714243 19.60 m/seg
7 1597711442 2.60 m/seg
0 1597710692 218.62 V
7 1597709646 16.40 m/seg
6 1597715287 13.90 N
8 1597709490 8.00 m/seg2
9 1597713312 220.30 Cd
0 1597716920 142.38 V
9 1597709055 205.70 Cd
4 1597717851 311717184.00 Hz
0 1597717047 216.56 V
5 1597710925 1035.50 Pa
7 1597712787 4.50 m/seg
9 1597716303 318.20 Cd
5 1597712794 1032.90 Pa
5 1597716227 1155.90 Pa
5 1597708930 1017.10 Pa
9 1597709168 299.10 Cd
9 1597716077 227.00 Cd
4 1597713246 690980800.00 Hz
7 1597717255 3.60 m/seg
4 1597709480 17638552.00 Hz
1 1597712026 80.61 A
8 1597714060 1.00 m/seg2
1 1597710611 68.58 A
8 1597708393 9.30 m/seg2
5 1597710434 1100.00 Pa
5 1597717925 1178.90 Pa
4 1597711047 367665408.00 Hz
3 1597711863 393.60 uF
2 1597716752 1572004.00 OHM
7 1597711655 31.80 m/seg
9 1597709716 246.20 Cd
7 1597709679 24.00 m/seg
8 1597716537 7.40 m/seg2
1 1597709982 50.02 A
4 1597714852 696912064.00 Hz
8 1597712511 9.40 m/seg2
5 1597714283 1113.00 Pa
2 1597718219 9193684.00 OHM
8 1597710223 6.60 m/seg2
0 1597715394 129.55 V
7 1597716356 27.60 m/seg
4 1597713948 160534320.00 Hz
5 1597709822 1111.40 Pa
2 1597711176 2351955.00 OHM
4 1597709585 899596992.00 Hz
6 1597715680 57.00 N
9 1597716680 324.60 Cd
2 1597710364 4816020.00 OHM
3 1597714382 185.80 uF
7 1597717689 0.00 m/seg
1 1597711466 28.50 A
9 1597712142 176.40 Cd
7 1597709126 40.90 m/seg
0 1597711081 131.43 V
8 1597714453 15.90 m/seg2
4 1597711376 21428176.00 Hz
4 1597711474 672944704.00 Hz
4 1597717494 535877216.00 Hz
1 1597715705 96.53 A
3 1597714557 36.20 uF
5 1597717407 1029.50 Pa
1 1597712023 40.24 A
3 1597709784 553.20 uF
1 1597708927 49.14 A
4 1597717486 159233520.00 Hz
8 1597712013 6.80 m/seg2
6 1597713071 299.20 N
0 1597716643 176.49 V
6 1597712649 137.00 N
3 1597713011 152.50 uF
1 1597711177 10.70 A
0 1597711553 101.33 V
4 1597713437 255733040.00 Hz
8 1597714703 16.90 m/seg2
8 1597718228 3.40 m/seg2
6 1597715296 0.40 N
0 1597709641 174.50 V
3 1597713290 507.00 uF
7 1597711012 8.80 m/seg
6 1597712537 451.20 N
9 1597709960 219.30 Cd
6 1597710093 433.30 N
2 1597709484 7202049.00 OHM
9 1597716253 175.00 Cd
3 1597715887 107.80 uF
3 1597710891 779.60 uF
9 1597710693 172.80 Cd
0 1597715763 54.32 V
2 1597714352 813331.00 OHM
4 1597710216 400021216.00 Hz
4 1597716909 523780192.00 Hz
6 1597712594 337.50 N
1 1597710996 98.17 A
5 1597717246 1087.80 Pa
9 1597714676 158.30 Cd
8 1597708824 14.60 m/seg2
0 1597717053 76.06 V
3 1597710485 155.80 uF
9 1597713816 235.30 Cd
3 1597711395 485.90 uF
9 1597717933 260.30 Cd
0 1597716308 93.59 V
6 1597712477 211.30 N
2 1597711578 1901698.00 OHM
0 1597713661 192.37 V
8 1597715008 11.60 m/seg2
3 1597708966 113.80 uF
8 1597716876 15.30 m/seg2
3 1597713729 423.20 uF
1 1597708589 32.67 A
8 1597712044 6.60 m/seg2
1 1597709404 37.78 A
2 1597711517 6503985.00 OHM
1 1597709567 32.39 A
9 1597708805 329.20 Cd
3 1597715873 872.00 uF
1 1597717011 65.25 A
7 1597717316 8.30 m/seg
5 1597711549 1030.80 Pa
5 1597714816 1127.10 Pa
4 1597709035 32545200.00 Hz
8 1597712813 4.30 m/seg2
4 1597716798 91141648.00 Hz
3 1597716390 622.80 uF
1 1597714182 4.40 A
8 1597712902 1.30 m/seg2
3 1597715780 264.60 uF
6 1597708863 94.50 N
2 1597713394 677820.00 OHM
3 1597708535 512.50 uF
0 1597710087 210.71 V
7 1597717682 26.20 m/seg
0 1597709329 75.56 V
1 1597711909 2.72 A
1 1597708701 62.55 A
3 1597715066 909.50 uF
7 1597717712 0.80 m/seg
7 1597713657 33.60 m/seg
3 1597711478 582.80 uF
7 1597712955 42.20 m/seg
4 1597712027 852726912.00 Hz
1 1597708789 9.33 A
5 1597710697 1127.30 Pa
6 1597710969 155.60 N
8 1597713576 10.70 m/seg2
9 1597709023 259.20 Cd
6 1597708531 108.00 N
8 1597716219 9.90 m/seg2
8 1597708400 3.40 m/seg2
8 1597714674 11.10 m/seg2
3 1597711558 917.60 uF
0 1597708843 153.79 V
9 1597711986 281.70 Cd
9 1597714895 178.30 Cd
8 1597716602 1.10 m/seg2
7 1597712047 4.10 m/seg
0 1597709479 29.89 V
4 1597716378 720298880.00 Hz
3 1597716013 6.70 uF
3 1597713476 81.50 uF
7 1597709004 21.90 m/seg
7 1597710736 20.10 m/seg
0 1597718053 56.73 V
9 1597708336 154.20 Cd
4 1597711548 493423424.00 Hz
8 1597714441 9.90 m/seg2
5 1597713782 1197.20 Pa
6 1597712631 81.60 N
7 1597709051 6.10 m/seg
2 1597716218 8958055.00 OHM
8 1597712437 17.40 m/seg2
5 1597710491 1123.40 Pa
1 1597718164 99.76 A
6 1597714206 88.70 N
2 1597713990 7148393.00 OHM
2 1597710090 7484202.00 OHM
5 1597715932 1023.90 Pa
7 1597718100 19.60 m/seg
1 1597718161 87.13 A
2 1597712568 7424295.00 OHM
0 1597717695 34.05 V
0 1597713151 52.20 V
1 1597713127 58.23 A
7 1597710367 17.90 m/seg
5 1597708760 1105.40 Pa
5 1597709314 1139.80 Pa
7 1597709424 25.40 m/seg
9 1597712972 157.30 Cd
1 1597718037 7.24 A
3 1597708684 612.60 uF
3 1597716441 944.70 uF
8 1597715662 0.90 m/seg2
9 1597717837 311.00 Cd
9 1597710017 167.90 Cd
6 1597711293 365.40 N
6 1597708561 381.90 N
1 1597714315 71.27 A
7 1597710389 41.80 m/seg
1 1597717465 15.10 A
8 1597713592 1.50 m/seg2
4 1597709391 890262400.00 Hz
5 1597709000 1083.90 Pa
7 1597710962 38.00 m/seg
7 1597715141 37.90 m/seg
6 1597710147 329.70 N
9 1597708966 232.40 Cd
0 1597712445 147.17 V
6 1597711864 208.60 N
7 1597709726 12.70 m/seg
2 1597715893 9218257.00 OHM
6 1597718281 477.10 N
7 1597715342 42.60 m/seg
9 1597709223 329.60 Cd
3 1597711102 205.50 uF
6 1597709400 303.10 N
3 1597714576 700.00 uF
0 1597717645 202.30 V
5 1597716083 1195.80 Pa
1 1597714562 78.67 A
7 1597709171 22.00 m/seg
0 1597713942 95.68 V
4 1597709720 100093504.00 Hz
8 1597713868 14.70 m/seg2
1 1597715923 41.53 A
6 1597713954 399.90 N
8 1597717306 9.30 m/seg2
6 1597713537 440.50 N
3 1597717717 91.00 uF
6 1597715585 368.40 N
0 1597716305 218.83 V
1 1597714225 46.76 A
5 1597717733 1158.00 Pa
5 1597713881 1174.80 Pa
6 1597714386 406.20 N
9 1597713385 316.00 Cd
6 1597709078 335.80 N
2 1597708483 2050036.00 OHM
1 1597715746 60.59 A
9 1597710782 171.70 Cd
4 1597708665 527762624.00 Hz
1 1597713341 99.28 A
6 1597711143 421.30 N
2 1597709114 3766270.00 OHM
3 1597718176 889.60 uF
1 1597710188 54.98 A
6 1597713546 410.60 N
7 1597713582 36.80 m/seg
2 1597715993 94572.00 OHM
0 1597712210 88.41 V
2 1597714847 6352747.00 OHM
0 1597714775 150.10 V
1 1597710340 91.98 A
7 1597716610 32.00 m/seg
1 1597711859 23.75 A
9 1597717357 151.60 Cd
7 1597711463 24.30 m/seg
5 1597713183 1108.20 Pa
7 1597714107 34.40 m/seg
0 1597710948 55.35 V
0 1597710047 142.07 V
9 1597709409 344.90 Cd
6 1597708608 138.10 N
6 1597713428 100.80 N
8 1597712156 0.10 m/seg2
7 1597718172 47.00 m/seg
6 1597709267 302.70 N
9 1597716219 203.40 Cd
5 1597715564 1210.10 Pa
2 1597717451 8259453.00 OHM
3 1597718010 284.50 uF
2 1597713960 602784.00 OHM
2 1597710341 6125550.00 OHM
0 1597712701 107.08 V
0 1597715502 181.76 V
6 1597711324 55.60 N
1 1597715703 39.92 A
8 1597710237 14.40 m/seg2
0 1597716560 47.79 V
4 1597716013 219029776.00 Hz
7 1597715210 26.80 m/seg
7 1597714346 1.10 m/seg
7 1597716248 21.50 m/seg
0 1597712956 78.75 V
3 1597715484 486.70 uF
5 1597711040 1184.60 Pa
1 1597715033 24.37 A
4 1597713329 257288480.00 Hz
1 1597718108 24.37 A
3 1597714233 1.30 uF
8 1597718002 14.00 m/seg2
8 1597713865 17.80 m/seg2
6 1597716580 162.70 N
4 1597712807 189432112.00 Hz
2 1597717674 2773361.00 OHM
9 1597717742 165.90 Cd
9 1597710179 348.00 Cd
4 1597708657 13767557.00 Hz
3 1597717446 471.80 uF
3 1597717460 649.20 uF
9 1597714200 218.20 Cd
1 1597713730 14.31 A
8 1597715358 17.70 m/seg2
8 1597717476 2.40 m/seg2
7 1597717189 12.60 m/seg
3 1597715348 776.50 uF
6 1597717681 449.70 N
